       7       3       2       2&AH0RB  1P,3E23.16
       1       1       3
 2.7060275210550777E-01-1.4713727993139392E-01-2.5294492376766775E-01
       2       1       3
 1.2332395501887522E+01-6.7679806816777344E+00-1.2158358848059063E+01
       3       1       3
-1.2462368811375650E+00 1.1019271531380882E-01 3.1446672898334151E+00
       4       1       3
-2.4219957073373457E-02-8.6712325950336977E-04 7.0957748283690183E-02
       5       1       3
-4.3650407773698385E-02-4.9655753761381925E-04 9.4940372900312958E-02
       6       1       3
-6.4965511960826491E-02 2.5742848913736078E-03 7.3013439495059979E-02
       7       1       3
-7.1802088535209349E-02 2.8740133087796233E-03 1.3514566139520597E-02
       8       1       3
-7.1802088535209349E-02 2.8740133087796233E-03 1.3514566139520597E-02
       7       3       2       2&AH1RB  1P,3E23.16
       1       1       3
 3.9711852928234322E+01-6.9116419682393648E-01-2.9506938129403022E+01
       2       1       3
 1.6004182321963754E+01 4.9648503783422564E+00-1.8052884310815728E+01
       3       1       3
-3.1397001425096708E+01-4.6692025515060607E+00 6.2983823501292839E+01
       4       1       3
-1.5301452821886457E-02-1.3928216677951263E-02 5.8038584602195915E-02
       5       1       3
-3.2894190215874947E-02-2.0938887609211355E-02 8.5314548732894388E-02
       6       1       3
-5.2374421163475175E-02-2.2374885850321265E-02 6.2123784724900863E-02
       7       1       3
-6.6605989256013617E-02-1.8109220718793437E-02-1.9020250108595818E-03
       8       1       3
-6.6605989256013617E-02-1.8109220718793437E-02-1.9020250108595818E-03
       7       3       2       2&AH2RB  1P,3E23.16
       1       1       1
 0.0000000000000000E+00
       2       1       1
 0.0000000000000000E+00
       3       1       1
 0.0000000000000000E+00
       4       1       1
 0.0000000000000000E+00
       5       1       1
 0.0000000000000000E+00
       6       1       1
 0.0000000000000000E+00
       7       1       1
 0.0000000000000000E+00
       8       1       1
 0.0000000000000000E+00
      10       3       2       2&DHRB   1P,3E23.16
       1       1       3
 2.6691204521979914E-02 1.6082976424293669E+00 8.5768544691356841E-01
       2       1       3
-2.8189989590117170E-01 5.5904579961707068E-01 5.0225066453211087E-01
       3       1       3
 1.0239372473656520E-01-3.5664712164757782E-03-1.3692965771069973E-01
       4       1       3
 3.3792736589059064E-01 1.0738554480835645E-01-3.3434438844517556E-01
       5       1       3
-3.1158293850534364E+00-1.0404028602990931E+00 4.6761206161174851E+00
       6       1       3
 5.5716935857842798E-01 2.0023664611624650E-01-9.6569740192713382E-01
       7       1       3
 1.1540244466866598E+00 4.5046302988173753E-01-2.4953722553619455E+00
       8       1       3
-3.3188433782348188E+00-5.5539884232895675E-01 1.8322309804132322E+00
       9       1       3
 7.4421104799546711E-01 8.2962496244499126E-02-2.3885525410906153E-01
      10       1       3
 1.9160500034893253E+00 3.5598030960789301E-01-1.9690030543703154E+00
      11       1       3
 1.9160500034893253E+00 3.5598030960789301E-01-1.9690030543703154E+00
       7      10       2       2&ERB    1P,3E23.16
       1       1      10
 1.4426220506946827E-02 9.8221274970717268E-02 3.0589807218978047E+00
-2.9355787162963111E+01-1.8605495938273677E+01-2.5953667758557276E+02
 9.2338692882708273E+01-4.1076562576664344E+01-7.6633550062355440E+01
-1.0383338423687752E+02
       2       1      10
-1.1659211557596706E-01 1.2575860951566873E+00-2.4089723705527042E+01
 5.0805717643892772E+00-2.4192873821516496E+00-5.1234010080553986E+01
 2.4558895932757665E+01 7.9757934325981550E+00 7.7280271869969624E+01
-2.5409126550487638E+01
       3       1      10
-1.9432589598976469E-01 1.6008594861567922E+00 3.3829281505387542E+01
-3.2515210067739284E+00 1.9112545911688244E+01 3.4661372924729574E+02
-1.6101931712230237E+02-1.3756953759902839E+01-3.7135094450782157E+02
 2.0004146395619401E+02
       4       1      10
 2.7331033301967859E-04-5.8983300403924414E-03 1.4807274936894999E-01
-6.9881080580873361E-02-8.0904870496857472E-03 2.7142409569232646E-02
-4.0098465198157567E-02-2.2469595108107629E-02-2.1540619202592298E-01
 7.0519977015761820E-02
       5       1      10
 8.0629898315417016E-04-9.3924884364695402E-03 1.2286884286109122E-01
-7.9785766583231693E-02-1.6484965073053529E-02-4.8260730402085041E-02
-2.9957131764333799E-02-3.7434218556237721E-02-2.8843996770176239E-01
 8.7015144142404785E-02
       6       1      10
 1.2447268107169986E-03-1.2249952523305111E-02 7.3992125183942992E-02
-5.8990088908356504E-02-1.9697598926684965E-02-1.3013999397835438E-01
 6.1493592767346821E-03-2.7824085892869554E-02-1.4341751169176142E-01
 4.6652608578741275E-02
       7       1      10
 1.0909313313861373E-03-1.0406546491147833E-02 1.9684359238013271E-02
-1.8802901413047870E-04-6.4537940752300502E-03-7.1202667816210208E-02
 2.4065709318080015E-02 1.7891222038826891E-02 1.8837241474275390E-01
-1.6330280659260420E-02
       8       1      10
 1.0909313313861373E-03-1.0406546491147833E-02 1.9684359238013271E-02
-1.8802901413047870E-04-6.4537940752300502E-03-7.1202667816210208E-02
 2.4065709318080015E-02 1.7891222038826891E-02 1.8837241474275390E-01
-1.6330280659260420E-02
       1      10       2       2&RRAAP  1P,3E23.16
       1       1      10
-2.1074380165289255E-02-8.4297520661157019E-02-1.8966942148760327E-01
-3.3719008264462808E-01-5.2685950413223137E-01-7.5867768595041307E-01
-1.0326446280991735E+00-1.3487603305785123E+00-1.7070247933884299E+00
-2.1074380165289255E+00
       2       1      10
-2.1074380165289255E-02-8.4297520661157019E-02-1.8966942148760327E-01
-3.3719008264462808E-01-5.2685950413223137E-01-7.5867768595041307E-01
-1.0326446280991735E+00-1.3487603305785123E+00-1.7070247933884299E+00
-2.1074380165289255E+00
       3       3       2       2&AH0BAR 1P,3E23.16
       1       1       3
 2.7060275210550777E-01-1.4713727993139392E-01-2.5294492376766775E-01
       2       1       3
 1.2332395501887522E+01-6.7679806816777344E+00-1.2158358848059063E+01
       3       1       3
-1.2462368811375650E+00 1.1019271531380882E-01 3.1446672898334151E+00
       4       1       3
-1.2462368811375650E+00 1.1019271531380882E-01 3.1446672898334151E+00
